{
 "cells": [
  {
   "cell_type": "code",
   "execution_count": 13,
   "metadata": {},
   "outputs": [],
   "source": [
    "import numpy as np  # Импорт библиотеки NumPy для работы с массивами и математическими функциями.\n",
    "import pandas as pd  # Импорт библиотеки Pandas для работы с данными в форме таблицы (DataFrame).\n",
    "from scipy.stats import f  # Импорт функции f из библиотеки SciPy для работы с распределением F.\n",
    "from sklearn.discriminant_analysis import LinearDiscriminantAnalysis  # Импорт класса LinearDiscriminantAnalysis из библиотеки scikit-learn для выполнения анализа дискриминантной функции.\n",
    "from scipy.spatial.distance import mahalanobis  # Импорт функции mahalanobis из библиотеки SciPy для вычисления расстояния Махаланобиса."
   ]
  },
  {
   "cell_type": "code",
   "execution_count": 40,
   "metadata": {},
   "outputs": [
    {
     "name": "stdout",
     "output_type": "stream",
     "text": [
      "Данные\n",
      "                                     Регион        X1        X2        X3  \\\n",
      "0                            Алтайский край  0.423721  0.439726 -0.646954   \n",
      "1                          Амурская область  1.932733  1.687317  0.722511   \n",
      "2  Архангельская область без автономного ок -0.667681  0.589500  1.640880   \n",
      "3                      Астраханская область  0.097353 -0.503612 -0.666108   \n",
      "4                      Белгородская область -0.923862 -0.523216 -0.730266   \n",
      "\n",
      "         X4        X5        X6        X7        X8        X9  \n",
      "0  1.676521  0.920458 -0.832257  0.922800 -0.626353  0.089137  \n",
      "1  0.050502  1.192731  0.517564  0.966786  0.206284 -0.368074  \n",
      "2 -0.664946  0.235605  0.155037  0.652055  0.095233 -0.498706  \n",
      "3 -0.274702 -0.707612 -0.359749 -0.375588 -0.576026  0.565010  \n",
      "4 -0.534865  1.825977 -0.222914 -0.842681 -0.039178  0.723634  \n"
     ]
    }
   ],
   "source": [
    "FEATURES = [\"X1\", \"X2\", \"X3\", \"X4\", \"X5\", \"X6\", \"X7\", \"X8\", \"X9\"]\n",
    "# Определение списка FEATURES, содержащего названия признаков, которые будут использоваться в анализе.\n",
    "\n",
    "TRAIN_SAMPLES = {\n",
    "    1: [3, 5, 7, 9, 13,14,16,17,23,24,26],\n",
    "    2: [32, 82],\n",
    "    3: [20,25,28,39,45,68],\n",
    "    4: [15,19,43,47,60],\n",
    "    5: [8,21,22,41,42,51]\n",
    "}\n",
    "# Определение словаря TRAIN_SAMPLES, где ключи - номера классов, а значения - индексы обучающих примеров для каждого класса.\n",
    "\n",
    "data = pd.read_excel(r'norm_data.xlsx', usecols=[0, 1, 2, 3, 4, 5, 6, 7, 8, 9])\n",
    "# Загрузка данных из Excel-файла в объект DataFrame библиотеки Pandas, используя только указанные столбцы.\n",
    "\n",
    "data = data.loc[range(0, 85)]\n",
    "# Выборка первых 85 строк из данных, чтобы оставить только нужное количество образцов.\n",
    "\n",
    "print(\"Данные\")\n",
    "print(data.head())\n",
    "# Вывод первых нескольких строк данных для визуального ознакомления с ними.\n",
    "\n",
    "data_to_excel = data[FEATURES]\n",
    "# Выборка только тех столбцов данных, которые соответствуют признакам из списка FEATURES."
   ]
  },
  {
   "cell_type": "code",
   "execution_count": 20,
   "metadata": {},
   "outputs": [
    {
     "name": "stdout",
     "output_type": "stream",
     "text": [
      "Обучающая выборка\n",
      "          X1        X2        X3        X4        X5        X6        X7  \\\n",
      "3   0.097353 -0.503612 -0.666108 -0.274702 -0.707612 -0.359749 -0.375588   \n",
      "5  -1.587125  0.754957 -0.260296  1.481399  0.046729 -0.403475 -0.111933   \n",
      "7  -0.204449 -0.350702 -0.881749 -0.144620 -0.454377 -0.492329 -0.288642   \n",
      "9   0.507945 -0.411082 -0.495336  0.375706  1.193793 -0.386557 -0.724502   \n",
      "13  0.237726  0.279759  0.376950 -0.144620 -0.058421 -0.388520  0.058677   \n",
      "14  0.174558  1.064698 -0.028162  0.310665 -0.657520 -0.653256  0.649385   \n",
      "16 -0.383425 -1.269731  0.121041  1.286276 -0.356776 -0.291237 -0.665712   \n",
      "17  0.272819  0.275054  0.278703  0.440747 -2.017089 -0.267983 -0.598811   \n",
      "23  0.160521 -0.474598 -0.650875  0.050502 -0.625166 -0.420316 -1.076687   \n",
      "24 -0.004418 -0.052723 -0.157175  0.570828 -0.301720 -0.525390  0.257490   \n",
      "26  0.455305  0.339355 -0.559515 -1.185272 -0.179424 -0.324500 -0.280374   \n",
      "32 -1.643275  0.306420  1.614578 -0.404783  2.632094  4.957725  1.730076   \n",
      "82 -2.092469  2.085667  1.570590  0.765950 -0.434851  4.802291  2.326612   \n",
      "20  0.023657  1.252111 -0.255348 -0.404783  0.472530  0.041704  0.686561   \n",
      "25  0.392137  0.522063 -0.600589 -1.380394  1.710050 -0.326985  1.318882   \n",
      "28 -0.007927  0.378562 -0.477267  0.115543  1.330328 -0.373201 -0.601984   \n",
      "39  0.858878  1.586945 -0.376519 -0.795027  1.507841 -0.394927 -0.104655   \n",
      "45 -0.358860  1.046662 -0.024135 -0.925109  1.108921 -0.419513  0.043384   \n",
      "68 -0.014946  0.934528  0.457704  0.115543  1.480501 -0.356004 -0.121853   \n",
      "15 -1.229174 -1.957435 -1.953633  0.505787 -0.200988 -0.543855 -1.402452   \n",
      "19  0.090334 -1.791194 -1.704387 -0.860068 -0.905773 -0.322221 -0.982052   \n",
      "43 -0.351841 -0.880790 -1.023271 -1.055190  0.044369 -0.490078 -1.005689   \n",
      "47 -1.752064 -2.786287 -1.836503 -0.469824 -1.376447 -0.583393 -1.656322   \n",
      "60 -1.246720 -0.590653 -1.007924  0.050502  0.352542 -0.427326 -1.037718   \n",
      "8   0.732542  0.152726  1.493990  0.505787 -0.675489 -0.282279  0.282664   \n",
      "21  1.290525 -0.309142  0.870309 -0.209661 -0.357398 -0.321622  0.808907   \n",
      "22  0.964157 -0.098988  0.807300 -0.274702  0.383483 -0.316243  0.174423   \n",
      "41  1.213320  0.431885  0.657885 -0.079579 -0.394043 -0.191350 -0.072765   \n",
      "42  0.472851  1.468538  0.346791  0.245624 -0.208946 -0.280892 -0.035065   \n",
      "51  0.567603  0.685167  2.210513  0.375706  0.000741  0.298226  2.110889   \n",
      "\n",
      "          X8        X9  Class  \n",
      "3  -0.576026  0.565010      1  \n",
      "5  -0.284028 -0.358743      1  \n",
      "7  -0.524414 -0.004171      1  \n",
      "9  -0.070487  1.367462      1  \n",
      "13 -0.463079  0.173115      1  \n",
      "14 -0.361201  0.369062      1  \n",
      "16 -0.259445 -0.256104      1  \n",
      "17 -0.074890 -0.480044      1  \n",
      "23  0.425878 -0.564022      1  \n",
      "24 -0.009948 -0.032164      1  \n",
      "26 -0.216333  1.050214      1  \n",
      "32  3.068472 -2.178257      2  \n",
      "82  3.892426 -1.991640      2  \n",
      "20 -0.501727 -0.564022      3  \n",
      "25 -0.764739 -0.452052      3  \n",
      "28 -0.069020 -0.666661      3  \n",
      "39 -0.601587  0.098468      3  \n",
      "45 -0.222082  0.089137      3  \n",
      "68 -0.337658  0.210438      3  \n",
      "15 -0.631306 -0.545360      4  \n",
      "19 -0.964948 -0.078818      4  \n",
      "43 -0.082656  0.481032      4  \n",
      "47 -0.366460 -0.629338      4  \n",
      "60 -0.074095  0.742296      4  \n",
      "8  -0.269168 -0.647999      5  \n",
      "21 -0.587277 -0.106811      5  \n",
      "22 -0.470417 -0.582684      5  \n",
      "41  0.280705  0.014490      5  \n",
      "42 -0.423208 -0.433390      5  \n",
      "51  0.160665 -0.508037      5  \n"
     ]
    }
   ],
   "source": [
    "def get_train_data(data, features, train_samples=None):\n",
    "    # Определение функции get_train_data, которая принимает три параметра: data (таблица с данными),\n",
    "    # features (список признаков) и train_samples (словарь с обучающими выборками для каждого класса).\n",
    "\n",
    "    train_data = pd.DataFrame()\n",
    "    # Создание нового пустого DataFrame под название train_data для хранения обучающих данных.\n",
    "\n",
    "    for cls, samples in train_samples.items():\n",
    "        # Итерация по элементам словаря train_samples, где cls - номер класса, samples - список индексов строк.\n",
    "\n",
    "        train_samps = data[features].loc[samples]\n",
    "        # Выборка строк из исходных данных (data) по указанным признакам (features) и номерам строк (samples).\n",
    "\n",
    "        train_samps[\"Class\"] = cls\n",
    "        # Добавление новой колонки \"Class\" с номером класса к выбранным обучающим данным.\n",
    "\n",
    "        train_data = pd.concat([train_data, train_samps])\n",
    "        # Объединение текущих обучающих данных с предыдущими в DataFrame train_data.\n",
    "\n",
    "    train_data = train_data.astype({\"Class\": 'int32'})\n",
    "    # Приведение типа данных в колонке \"Class\" к целочисленному (int32).\n",
    "\n",
    "    return train_data\n",
    "    # Возвращение итоговой обучающей выборки.\n",
    "\n",
    "train_data = get_train_data(data, FEATURES, TRAIN_SAMPLES)\n",
    "# Вызов функции get_train_data с передачей исходных данных, признаков и обучающих выборок.\n",
    "\n",
    "print(\"Обучающая выборка\")\n",
    "print(train_data)\n",
    "# Вывод на экран обучающей выборки.\n",
    "\n",
    "data_to_excel[\"Train sample\"] = train_data.Class\n",
    "# Добавление новой колонки \"Train sample\" с номерами классов в DataFrame data_to_excel.\n"
   ]
  },
  {
   "cell_type": "code",
   "execution_count": 21,
   "metadata": {},
   "outputs": [
    {
     "name": "stdout",
     "output_type": "stream",
     "text": [
      "Ковариационная матрица\n",
      "          X1        X2        X3        X4        X5        X6        X7  \\\n",
      "X1  0.286377 -0.014947 -0.017641 -0.211600  0.040500  0.003645  0.006755   \n",
      "X2 -0.014947  0.483615  0.080012  0.031419 -0.058171  0.000173  0.135692   \n",
      "X3 -0.017641  0.080012  0.224068  0.079662  0.000880  0.029659  0.117713   \n",
      "X4 -0.211600  0.031419  0.079662  0.404463 -0.062309  0.001125 -0.040770   \n",
      "X5  0.040500 -0.058171  0.000880 -0.062309  0.563284 -0.001853 -0.006380   \n",
      "X6  0.003645  0.000173  0.029659  0.001125 -0.001853  0.024645  0.031719   \n",
      "X7  0.006755  0.135692  0.117713 -0.040770 -0.006380  0.031719  0.348916   \n",
      "X8 -0.030367  0.052086  0.044164  0.057350 -0.038022  0.005217 -0.028636   \n",
      "X9  0.112450  0.111576  0.016095 -0.118128  0.161655 -0.005303  0.019066   \n",
      "\n",
      "          X8        X9  \n",
      "X1 -0.030367  0.112450  \n",
      "X2  0.052086  0.111576  \n",
      "X3  0.044164  0.016095  \n",
      "X4  0.057350 -0.118128  \n",
      "X5 -0.038022  0.161655  \n",
      "X6  0.005217 -0.005303  \n",
      "X7 -0.028636  0.019066  \n",
      "X8  0.107623  0.009564  \n",
      "X9  0.009564  0.260534  \n"
     ]
    },
    {
     "data": {
      "text/plain": [
       "array([[ 3.20014858e-01,  4.40822716e-02,  2.52013837e-01,\n",
       "         2.54152982e-01,  1.54168382e-01,  1.80405919e-01,\n",
       "         1.76281592e-01,  2.10096365e-01,  1.90735362e-01,\n",
       "         1.55722643e-01,  2.95180975e-01, -4.88497309e-01,\n",
       "        -4.27122447e-01,  2.99068235e-01,  3.07499190e-01,\n",
       "         2.94468744e-01,  3.47886371e-01,  3.15293663e-01,\n",
       "         2.88638189e-01,  6.92858064e-01,  8.09513994e-01,\n",
       "         6.84139063e-01,  7.67057054e-01,  6.36305586e-01,\n",
       "         5.83993370e-01,  6.88506619e-01,  6.00688167e-01,\n",
       "         6.60150561e-01,  5.97446652e-01,  4.24190483e-01],\n",
       "       [ 4.40822716e-02,  7.47821794e-01,  1.66693754e-01,\n",
       "         3.62090168e-02,  7.87438821e-02,  2.30312868e-01,\n",
       "         3.21631270e-01,  1.84657403e-01,  1.14864499e-01,\n",
       "         2.24055855e-01, -1.37866036e-01,  1.47016463e-01,\n",
       "         5.17045019e-01,  3.93748605e-01,  1.36879761e-01,\n",
       "         4.51081108e-01,  2.22180137e-01,  3.50028638e-01,\n",
       "         4.31020709e-01,  7.31409238e-01,  2.52388807e-01,\n",
       "         3.07782624e-01,  5.94720518e-01,  6.56515391e-01,\n",
       "         4.99783208e-01,  2.48916645e-01,  3.43508424e-01,\n",
       "         3.22541213e-01,  6.49362599e-01,  4.52794360e-01],\n",
       "       [ 2.52013837e-01,  1.66693754e-01,  2.46695595e-01,\n",
       "         2.07090912e-01,  1.37352408e-01,  1.81091841e-01,\n",
       "         1.79283156e-01,  1.69564208e-01,  1.96770746e-01,\n",
       "         1.75211299e-01,  2.11919482e-01, -2.26535087e-01,\n",
       "        -1.82121638e-01,  3.94611065e-01,  4.08213501e-01,\n",
       "         4.09050242e-01,  4.10044927e-01,  3.83402082e-01,\n",
       "         3.58672908e-01,  7.50671763e-01,  7.52395493e-01,\n",
       "         6.55893360e-01,  7.62139877e-01,  6.56380056e-01,\n",
       "         5.98923434e-01,  6.58744204e-01,  6.28440068e-01,\n",
       "         6.43110238e-01,  6.61899264e-01,  4.84279184e-01],\n",
       "       [ 2.54152982e-01,  3.62090168e-02,  2.07090912e-01,\n",
       "         5.81375917e-01,  9.10476667e-02, -1.46044159e-02,\n",
       "         2.04550598e-01, -1.32506420e-01,  1.69501043e-01,\n",
       "         8.32528464e-02,  2.73989982e-01, -6.64786741e-01,\n",
       "        -1.16840644e+00,  1.00259964e-01,  2.89534000e-01,\n",
       "         4.18049857e-01,  4.16757178e-01,  3.17455600e-01,\n",
       "         3.84949421e-01,  7.28459106e-01,  6.49749551e-01,\n",
       "         6.68250610e-01,  6.32629080e-01,  7.00732938e-01,\n",
       "         1.67436401e-01,  3.16352093e-01,  3.77856603e-01,\n",
       "         3.46922699e-01,  2.69852066e-01, -9.62599724e-02],\n",
       "       [ 1.54168382e-01,  7.87438821e-02,  1.37352408e-01,\n",
       "         9.10476667e-02,  1.76129947e-01,  1.82787695e-01,\n",
       "         7.76872044e-02,  1.60784009e-01,  8.08414301e-02,\n",
       "         1.10943202e-01,  1.72790525e-01, -3.01004006e-01,\n",
       "        -2.96534728e-01,  3.38606322e-01,  3.58512005e-01,\n",
       "         2.86028883e-01,  3.84874044e-01,  3.54830849e-01,\n",
       "         3.41768901e-01,  3.45941909e-01,  4.37008492e-01,\n",
       "         4.14022129e-01,  3.61039778e-01,  3.68550755e-01,\n",
       "         5.78971750e-01,  5.97129353e-01,  5.74954999e-01,\n",
       "         5.44356362e-01,  5.77712024e-01,  5.31438693e-01],\n",
       "       [ 1.80405919e-01,  2.30312868e-01,  1.81091841e-01,\n",
       "        -1.46044159e-02,  1.82787695e-01,  3.84420000e-01,\n",
       "         1.88852856e-02,  2.94530457e-01,  6.52771404e-02,\n",
       "         1.87361030e-01,  1.87040058e-01, -6.83032778e-01,\n",
       "        -2.05206247e-01,  3.99882306e-01,  2.92088438e-01,\n",
       "         1.90779482e-01,  3.51386423e-01,  3.14169281e-01,\n",
       "         2.65785867e-01,  2.50720832e-01,  3.37191714e-01,\n",
       "         2.90568732e-01,  2.37455498e-01,  3.03290674e-01,\n",
       "         5.44453057e-01,  5.34900266e-01,  4.37083867e-01,\n",
       "         5.09717836e-01,  6.50473708e-01,  5.30704562e-01],\n",
       "       [ 1.76281592e-01,  3.21631270e-01,  1.79283156e-01,\n",
       "         2.04550598e-01,  7.76872044e-02,  1.88852856e-02,\n",
       "         5.66776145e-01,  2.62173339e-01,  2.65511734e-01,\n",
       "         2.18221298e-01, -1.17194710e-01, -6.20085492e-02,\n",
       "        -6.36866451e-02,  9.88432282e-02, -4.14084031e-02,\n",
       "         3.46583147e-01, -1.34533979e-02,  7.85683487e-02,\n",
       "         2.54511470e-01,  9.34715170e-01,  6.54451875e-01,\n",
       "         4.91961002e-01,  9.55689667e-01,  6.41263852e-01,\n",
       "         7.11554507e-01,  5.83244903e-01,  5.79046342e-01,\n",
       "         5.41052990e-01,  4.85988514e-01,  4.92367636e-01],\n",
       "       [ 2.10096365e-01,  1.84657403e-01,  1.69564208e-01,\n",
       "        -1.32506420e-01,  1.60784009e-01,  2.94530457e-01,\n",
       "         2.62173339e-01,  6.68874028e-01,  3.06287387e-01,\n",
       "         2.10079790e-01,  7.55203227e-02, -3.92757168e-01,\n",
       "         3.50421966e-01,  2.74840927e-01, -1.11325773e-01,\n",
       "         1.58897477e-01,  1.00023928e-01,  1.10011733e-01,\n",
       "         1.29631303e-01,  4.49000847e-01,  5.41906151e-01,\n",
       "         3.65350832e-01,  6.01922856e-01,  3.33546262e-01,\n",
       "         9.13165548e-01,  7.27464435e-01,  6.12877488e-01,\n",
       "         8.07054719e-01,  8.01783909e-01,  6.98721037e-01],\n",
       "       [ 1.90735362e-01,  1.14864499e-01,  1.96770746e-01,\n",
       "         1.69501043e-01,  8.08414301e-02,  6.52771404e-02,\n",
       "         2.65511734e-01,  3.06287387e-01,  3.81165004e-01,\n",
       "         1.62615427e-01,  1.22659478e-01,  1.00623465e-02,\n",
       "         1.14538124e-01,  2.69253975e-01,  1.61935210e-01,\n",
       "         4.47455477e-01,  2.94812799e-01,  2.70240731e-01,\n",
       "         2.80250088e-01,  7.85657533e-01,  7.28637596e-01,\n",
       "         6.49959546e-01,  8.53226599e-01,  6.14504931e-01,\n",
       "         6.61580993e-01,  5.99602165e-01,  6.34556099e-01,\n",
       "         7.29563003e-01,  6.50472721e-01,  4.08149019e-01],\n",
       "       [ 1.55722643e-01,  2.24055855e-01,  1.75211299e-01,\n",
       "         8.32528464e-02,  1.10943202e-01,  1.87361030e-01,\n",
       "         2.18221298e-01,  2.10079790e-01,  1.62615427e-01,\n",
       "         1.92486937e-01,  5.60943482e-02, -2.56392531e-01,\n",
       "        -7.11560652e-02,  2.77671313e-01,  2.26684832e-01,\n",
       "         2.87456031e-01,  2.10038504e-01,  2.29979689e-01,\n",
       "         2.50061414e-01,  5.56478762e-01,  4.81657592e-01,\n",
       "         4.00455762e-01,  5.61074759e-01,  4.43892350e-01,\n",
       "         5.58039497e-01,  5.32870561e-01,  4.91109474e-01,\n",
       "         5.01056629e-01,  5.29746455e-01,  4.90871019e-01],\n",
       "       [ 2.95180975e-01, -1.37866036e-01,  2.11919482e-01,\n",
       "         2.73989982e-01,  1.72790525e-01,  1.87040058e-01,\n",
       "        -1.17194710e-01,  7.55203227e-02,  1.22659478e-01,\n",
       "         5.60943482e-02,  4.89472493e-01, -5.22837477e-01,\n",
       "        -5.80716558e-01,  3.60712648e-01,  4.90453281e-01,\n",
       "         2.88310179e-01,  5.72839461e-01,  4.81696000e-01,\n",
       "         3.38000131e-01,  3.86514215e-01,  6.78857551e-01,\n",
       "         7.02650600e-01,  4.70480514e-01,  5.43378200e-01,\n",
       "         3.77622934e-01,  5.71149972e-01,  5.22052180e-01,\n",
       "         6.07186093e-01,  5.49129401e-01,  2.71483074e-01],\n",
       "       [-4.88497309e-01,  1.47016463e-01, -2.26535087e-01,\n",
       "        -6.64786741e-01, -3.01004006e-01, -6.83032778e-01,\n",
       "        -6.20085492e-02, -3.92757168e-01,  1.00623465e-02,\n",
       "        -2.56392531e-01, -5.22837477e-01,  4.84726578e+00,\n",
       "         4.18419415e+00,  4.32416615e-01,  5.30443147e-01,\n",
       "         4.42889966e-01, -1.35206823e-01,  3.61167649e-01,\n",
       "         1.04801190e-01,  4.93684251e-01,  7.57041183e-02,\n",
       "         2.40996525e-01,  7.91758099e-01,  2.74472724e-01,\n",
       "         1.49340563e-01, -8.60410306e-02,  2.91000186e-01,\n",
       "        -3.76257407e-02,  3.79798061e-02,  6.94887258e-01],\n",
       "       [-4.27122447e-01,  5.17045019e-01, -1.82121638e-01,\n",
       "        -1.16840644e+00, -2.96534728e-01, -2.05206247e-01,\n",
       "        -6.36866451e-02,  3.50421966e-01,  1.14538124e-01,\n",
       "        -7.11560652e-02, -5.80716558e-01,  4.18419415e+00,\n",
       "         5.20658070e+00,  4.18427242e-01, -1.63567818e-01,\n",
       "         3.97630239e-03, -5.77590406e-01,  4.83092929e-02,\n",
       "        -2.80094113e-01,  1.96235985e-01, -1.94398207e-01,\n",
       "        -1.15332566e-01,  6.68700878e-01,  5.13797995e-02,\n",
       "         3.58343655e-01, -1.74942119e-01, -3.74103253e-02,\n",
       "         6.82421876e-02,  3.03429914e-01,  8.76832904e-01],\n",
       "       [ 2.99068235e-01,  3.93748605e-01,  3.94611065e-01,\n",
       "         1.00259964e-01,  3.38606322e-01,  3.99882306e-01,\n",
       "         9.88432282e-02,  2.74840927e-01,  2.69253975e-01,\n",
       "         2.77671313e-01,  3.60712648e-01,  4.32416615e-01,\n",
       "         4.18427242e-01,  1.18409672e+00,  1.27016845e+00,\n",
       "         1.01927685e+00,  1.16701900e+00,  1.11422068e+00,\n",
       "         9.60496520e-01,  1.20473429e+00,  1.25283807e+00,\n",
       "         1.19933660e+00,  1.18362200e+00,  1.13747711e+00,\n",
       "         1.40286197e+00,  1.43938342e+00,  1.50678887e+00,\n",
       "         1.38526390e+00,  1.63074458e+00,  1.41488690e+00],\n",
       "       [ 3.07499190e-01,  1.36879761e-01,  4.08213501e-01,\n",
       "         2.89534000e-01,  3.58512005e-01,  2.92088438e-01,\n",
       "        -4.14084031e-02, -1.11325773e-01,  1.61935210e-01,\n",
       "         2.26684832e-01,  4.90453281e-01,  5.30443147e-01,\n",
       "        -1.63567818e-01,  1.27016845e+00,  1.78708924e+00,\n",
       "         1.15337285e+00,  1.42669104e+00,  1.30847364e+00,\n",
       "         1.09589834e+00,  1.22646098e+00,  1.39432699e+00,\n",
       "         1.37259007e+00,  1.15289227e+00,  1.17481780e+00,\n",
       "         1.26990873e+00,  1.56577855e+00,  1.65816718e+00,\n",
       "         1.34915004e+00,  1.50105753e+00,  1.42245269e+00],\n",
       "       [ 2.94468744e-01,  4.51081108e-01,  4.09050242e-01,\n",
       "         4.18049857e-01,  2.86028883e-01,  1.90779482e-01,\n",
       "         3.46583147e-01,  1.58897477e-01,  4.47455477e-01,\n",
       "         2.87456031e-01,  2.88310179e-01,  4.42889966e-01,\n",
       "         3.97630239e-03,  1.01927685e+00,  1.15337285e+00,\n",
       "         1.26825658e+00,  1.17975208e+00,  1.10975803e+00,\n",
       "         1.08851136e+00,  1.60966448e+00,  1.39842658e+00,\n",
       "         1.40709586e+00,  1.50774778e+00,  1.42628806e+00,\n",
       "         1.35895340e+00,  1.34500329e+00,  1.55707240e+00,\n",
       "         1.39882918e+00,  1.55156700e+00,  1.14717065e+00],\n",
       "       [ 3.47886371e-01,  2.22180137e-01,  4.10044927e-01,\n",
       "         4.16757178e-01,  3.84874044e-01,  3.51386423e-01,\n",
       "        -1.34533979e-02,  1.00023928e-01,  2.94812799e-01,\n",
       "         2.10038504e-01,  5.72839461e-01, -1.35206823e-01,\n",
       "        -5.77590406e-01,  1.16701900e+00,  1.42669104e+00,\n",
       "         1.17975208e+00,  1.50641402e+00,  1.27526468e+00,\n",
       "         1.13887359e+00,  1.16087654e+00,  1.29772411e+00,\n",
       "         1.35122736e+00,  1.02101240e+00,  1.21046441e+00,\n",
       "         1.22897888e+00,  1.37757838e+00,  1.53622090e+00,\n",
       "         1.39840894e+00,  1.60908693e+00,  1.08325615e+00],\n",
       "       [ 3.15293663e-01,  3.50028638e-01,  3.83402082e-01,\n",
       "         3.17455600e-01,  3.54830849e-01,  3.14169281e-01,\n",
       "         7.85683487e-02,  1.10011733e-01,  2.70240731e-01,\n",
       "         2.29979689e-01,  4.81696000e-01,  3.61167649e-01,\n",
       "         4.83092929e-02,  1.11422068e+00,  1.30847364e+00,\n",
       "         1.10975803e+00,  1.27526468e+00,  1.27011573e+00,\n",
       "         1.10588751e+00,  1.25878552e+00,  1.26664866e+00,\n",
       "         1.39991001e+00,  1.26139259e+00,  1.35117560e+00,\n",
       "         1.29731763e+00,  1.36131532e+00,  1.50423522e+00,\n",
       "         1.37368276e+00,  1.55753950e+00,  1.26216667e+00],\n",
       "       [ 2.88638189e-01,  4.31020709e-01,  3.58672908e-01,\n",
       "         3.84949421e-01,  3.41768901e-01,  2.65785867e-01,\n",
       "         2.54511470e-01,  1.29631303e-01,  2.80250088e-01,\n",
       "         2.50061414e-01,  3.38000131e-01,  1.04801190e-01,\n",
       "        -2.80094113e-01,  9.60496520e-01,  1.09589834e+00,\n",
       "         1.08851136e+00,  1.13887359e+00,  1.10588751e+00,\n",
       "         1.07848458e+00,  1.29374121e+00,  1.17078021e+00,\n",
       "         1.25324083e+00,  1.21037376e+00,  1.28715856e+00,\n",
       "         1.27960143e+00,  1.27398008e+00,  1.43636245e+00,\n",
       "         1.26626168e+00,  1.45514921e+00,  1.14570642e+00],\n",
       "       [ 6.92858064e-01,  7.31409238e-01,  7.50671763e-01,\n",
       "         7.28459106e-01,  3.45941909e-01,  2.50720832e-01,\n",
       "         9.34715170e-01,  4.49000847e-01,  7.85657533e-01,\n",
       "         5.56478762e-01,  3.86514215e-01,  4.93684251e-01,\n",
       "         1.96235985e-01,  1.20473429e+00,  1.22646098e+00,\n",
       "         1.60966448e+00,  1.16087654e+00,  1.25878552e+00,\n",
       "         1.29374121e+00,  2.98300303e+00,  2.58706231e+00,\n",
       "         2.32619062e+00,  3.05528314e+00,  2.47147874e+00,\n",
       "         2.11609603e+00,  2.12885467e+00,  2.21876479e+00,\n",
       "         2.12817866e+00,  2.13041669e+00,  1.68897482e+00],\n",
       "       [ 8.09513994e-01,  2.52388807e-01,  7.52395493e-01,\n",
       "         6.49749551e-01,  4.37008492e-01,  3.37191714e-01,\n",
       "         6.54451875e-01,  5.41906151e-01,  7.28637596e-01,\n",
       "         4.81657592e-01,  6.78857551e-01,  7.57041183e-02,\n",
       "        -1.94398207e-01,  1.25283807e+00,  1.39432699e+00,\n",
       "         1.39842658e+00,  1.29772411e+00,  1.26664866e+00,\n",
       "         1.17078021e+00,  2.58706231e+00,  2.71653080e+00,\n",
       "         2.35739345e+00,  2.80079538e+00,  2.19311510e+00,\n",
       "         2.19575352e+00,  2.41269250e+00,  2.35263628e+00,\n",
       "         2.32394480e+00,  2.17019639e+00,  1.80943465e+00],\n",
       "       [ 6.84139063e-01,  3.07782624e-01,  6.55893360e-01,\n",
       "         6.68250610e-01,  4.14022129e-01,  2.90568732e-01,\n",
       "         4.91961002e-01,  3.65350832e-01,  6.49959546e-01,\n",
       "         4.00455762e-01,  7.02650600e-01,  2.40996525e-01,\n",
       "        -1.15332566e-01,  1.19933660e+00,  1.37259007e+00,\n",
       "         1.40709586e+00,  1.35122736e+00,  1.39991001e+00,\n",
       "         1.25324083e+00,  2.32619062e+00,  2.35739345e+00,\n",
       "         2.28206842e+00,  2.53246775e+00,  2.17739597e+00,\n",
       "         1.92322748e+00,  2.07729087e+00,  2.13003505e+00,\n",
       "         2.10961375e+00,  2.01558768e+00,  1.60096310e+00],\n",
       "       [ 7.67057054e-01,  5.94720518e-01,  7.62139877e-01,\n",
       "         6.32629080e-01,  3.61039778e-01,  2.37455498e-01,\n",
       "         9.55689667e-01,  6.01922856e-01,  8.53226599e-01,\n",
       "         5.61074759e-01,  4.70480514e-01,  7.91758099e-01,\n",
       "         6.68700878e-01,  1.18362200e+00,  1.15289227e+00,\n",
       "         1.50774778e+00,  1.02101240e+00,  1.26139259e+00,\n",
       "         1.21037376e+00,  3.05528314e+00,  2.80079538e+00,\n",
       "         2.53246775e+00,  3.37501913e+00,  2.58528960e+00,\n",
       "         2.34829656e+00,  2.36162948e+00,  2.36726246e+00,\n",
       "         2.36424686e+00,  2.20582498e+00,  1.95318771e+00],\n",
       "       [ 6.36305586e-01,  6.56515391e-01,  6.56380056e-01,\n",
       "         7.00732938e-01,  3.68550755e-01,  3.03290674e-01,\n",
       "         6.41263852e-01,  3.33546262e-01,  6.14504931e-01,\n",
       "         4.43892350e-01,  5.43378200e-01,  2.74472724e-01,\n",
       "         5.13797995e-02,  1.13747711e+00,  1.17481780e+00,\n",
       "         1.42628806e+00,  1.21046441e+00,  1.35117560e+00,\n",
       "         1.28715856e+00,  2.47147874e+00,  2.19311510e+00,\n",
       "         2.17739597e+00,  2.58528960e+00,  2.31155458e+00,\n",
       "         1.79616800e+00,  1.81774064e+00,  1.92171778e+00,\n",
       "         1.89460188e+00,  1.94780419e+00,  1.46026744e+00],\n",
       "       [ 5.83993370e-01,  4.99783208e-01,  5.98923434e-01,\n",
       "         1.67436401e-01,  5.78971750e-01,  5.44453057e-01,\n",
       "         7.11554507e-01,  9.13165548e-01,  6.61580993e-01,\n",
       "         5.58039497e-01,  3.77622934e-01,  1.49340563e-01,\n",
       "         3.58343655e-01,  1.40286197e+00,  1.26990873e+00,\n",
       "         1.35895340e+00,  1.22897888e+00,  1.29731763e+00,\n",
       "         1.27960143e+00,  2.11609603e+00,  2.19575352e+00,\n",
       "         1.92322748e+00,  2.34829656e+00,  1.79616800e+00,\n",
       "         2.79956561e+00,  2.67287120e+00,  2.62518957e+00,\n",
       "         2.53276390e+00,  2.54964092e+00,  2.55009420e+00],\n",
       "       [ 6.88506619e-01,  2.48916645e-01,  6.58744204e-01,\n",
       "         3.16352093e-01,  5.97129353e-01,  5.34900266e-01,\n",
       "         5.83244903e-01,  7.27464435e-01,  5.99602165e-01,\n",
       "         5.32870561e-01,  5.71149972e-01, -8.60410306e-02,\n",
       "        -1.74942119e-01,  1.43938342e+00,  1.56577855e+00,\n",
       "         1.34500329e+00,  1.37757838e+00,  1.36131532e+00,\n",
       "         1.27398008e+00,  2.12885467e+00,  2.41269250e+00,\n",
       "         2.07729087e+00,  2.36162948e+00,  1.81774064e+00,\n",
       "         2.67287120e+00,  2.79002481e+00,  2.67600403e+00,\n",
       "         2.53654913e+00,  2.45541971e+00,  2.47902896e+00],\n",
       "       [ 6.00688167e-01,  3.43508424e-01,  6.28440068e-01,\n",
       "         3.77856603e-01,  5.74954999e-01,  4.37083867e-01,\n",
       "         5.79046342e-01,  6.12877488e-01,  6.34556099e-01,\n",
       "         4.91109474e-01,  5.22052180e-01,  2.91000186e-01,\n",
       "        -3.74103253e-02,  1.50678887e+00,  1.65816718e+00,\n",
       "         1.55707240e+00,  1.53622090e+00,  1.50423522e+00,\n",
       "         1.43636245e+00,  2.21876479e+00,  2.35263628e+00,\n",
       "         2.13003505e+00,  2.36726246e+00,  1.92171778e+00,\n",
       "         2.62518957e+00,  2.67600403e+00,  2.70935421e+00,\n",
       "         2.51152697e+00,  2.50448298e+00,  2.39616198e+00],\n",
       "       [ 6.60150561e-01,  3.22541213e-01,  6.43110238e-01,\n",
       "         3.46922699e-01,  5.44356362e-01,  5.09717836e-01,\n",
       "         5.41052990e-01,  8.07054719e-01,  7.29563003e-01,\n",
       "         5.01056629e-01,  6.07186093e-01, -3.76257407e-02,\n",
       "         6.82421876e-02,  1.38526390e+00,  1.34915004e+00,\n",
       "         1.39882918e+00,  1.39840894e+00,  1.37368276e+00,\n",
       "         1.26626168e+00,  2.12817866e+00,  2.32394480e+00,\n",
       "         2.10961375e+00,  2.36424686e+00,  1.89460188e+00,\n",
       "         2.53276390e+00,  2.53654913e+00,  2.51152697e+00,\n",
       "         2.51858775e+00,  2.46770032e+00,  2.19519286e+00],\n",
       "       [ 5.97446652e-01,  6.49362599e-01,  6.61899264e-01,\n",
       "         2.69852066e-01,  5.77712024e-01,  6.50473708e-01,\n",
       "         4.85988514e-01,  8.01783909e-01,  6.50472721e-01,\n",
       "         5.29746455e-01,  5.49129401e-01,  3.79798061e-02,\n",
       "         3.03429914e-01,  1.63074458e+00,  1.50105753e+00,\n",
       "         1.55156700e+00,  1.60908693e+00,  1.55753950e+00,\n",
       "         1.45514921e+00,  2.13041669e+00,  2.17019639e+00,\n",
       "         2.01558768e+00,  2.20582498e+00,  1.94780419e+00,\n",
       "         2.54964092e+00,  2.45541971e+00,  2.50448298e+00,\n",
       "         2.46770032e+00,  2.69626941e+00,  2.26897538e+00],\n",
       "       [ 4.24190483e-01,  4.52794360e-01,  4.84279184e-01,\n",
       "        -9.62599724e-02,  5.31438693e-01,  5.30704562e-01,\n",
       "         4.92367636e-01,  6.98721037e-01,  4.08149019e-01,\n",
       "         4.90871019e-01,  2.71483074e-01,  6.94887258e-01,\n",
       "         8.76832904e-01,  1.41488690e+00,  1.42245269e+00,\n",
       "         1.14717065e+00,  1.08325615e+00,  1.26216667e+00,\n",
       "         1.14570642e+00,  1.68897482e+00,  1.80943465e+00,\n",
       "         1.60096310e+00,  1.95318771e+00,  1.46026744e+00,\n",
       "         2.55009420e+00,  2.47902896e+00,  2.39616198e+00,\n",
       "         2.19519286e+00,  2.26897538e+00,  2.64040485e+00]])"
      ]
     },
     "execution_count": 21,
     "metadata": {},
     "output_type": "execute_result"
    }
   ],
   "source": [
    "def scatter_matrix(samples):\n",
    "    # Функция для вычисления матрицы рассеивания.\n",
    "    if isinstance(samples, pd.Series):\n",
    "        # Проверка, является ли samples объектом pd.Series (одномерным массивом).\n",
    "        samples = samples.to_frame()\n",
    "        # Преобразование pd.Series в pd.DataFrame, если необходимо.\n",
    "\n",
    "    d = samples - samples.mean()\n",
    "    # Вычисление отклонений значений признаков от их средних значений.\n",
    "\n",
    "    res = np.zeros((d.shape[1], d.shape[1]))\n",
    "    # Создание матрицы нулей размерности (число признаков) x (число признаков).\n",
    "\n",
    "    for _, row in d.iterrows():\n",
    "        # Итерация по строкам DataFrame d.\n",
    "        col = row.to_frame()\n",
    "        # Преобразование строки в pd.DataFrame.\n",
    "        res += col @ col.T\n",
    "        # Накапливание в res произведения строки на транспонированную версию этой строки.\n",
    "    return res\n",
    "    # Возвращение рассеивающей матрицы.\n",
    "\n",
    "def classes_scatter_matrix(samples, labels):\n",
    "    # Функция для вычисления классовой матрицы рассеивания.\n",
    "\n",
    "    A = np.zeros((samples.shape[1], samples.shape[1]))\n",
    "    # Создание матрицы нулей размерности (число признаков) x (число признаков).\n",
    "\n",
    "    for cls in labels.unique():\n",
    "        # Итерация по уникальным классам в labels.\n",
    "\n",
    "        A += scatter_matrix(samples[labels == cls])\n",
    "        # Накапливание в A матриц рассеивания для каждого класса.\n",
    "\n",
    "    return A\n",
    "    # Возвращение классовой матрицы рассеивания.\n",
    "\n",
    "cov = pd.DataFrame(\n",
    "    classes_scatter_matrix(train_data[FEATURES], train_data.Class) / (train_data.shape[0] - train_data.Class.unique().size),\n",
    "    index=FEATURES,\n",
    "    columns=FEATURES\n",
    ")\n",
    "# Вычисление ковариационной матрицы как отношение классовой матрицы рассеивания к числу степеней свободы.\n",
    "\n",
    "print(\"Ковариационная матрица\")\n",
    "print(cov)\n",
    "np.cov(train_data)\n",
    "# Вывод ковариационной матрицы."
   ]
  },
  {
   "cell_type": "code",
   "execution_count": 22,
   "metadata": {},
   "outputs": [
    {
     "name": "stdout",
     "output_type": "stream",
     "text": [
      "Средние значения\n",
      "         X1        X2        X3        X4        X5        X6        X7  \\\n",
      "1 -0.024836 -0.031693 -0.265684  0.251537 -0.374326 -0.410301 -0.286972   \n",
      "2 -1.867872  1.196044  1.592584  0.180584  1.098622  4.880008  2.028344   \n",
      "3  0.148823  0.953478 -0.212692 -0.545705  1.268362 -0.304821  0.203389   \n",
      "4 -0.897893 -1.601272 -1.505144 -0.365759 -0.417260 -0.473374 -1.216846   \n",
      "5  0.873500  0.388364  1.064465  0.093863 -0.208609 -0.182360  0.544842   \n",
      "\n",
      "         X8        X9  \n",
      "1 -0.219452  0.166328  \n",
      "2  3.480449 -2.084949  \n",
      "3 -0.416135 -0.214115  \n",
      "4 -0.423893 -0.006038  \n",
      "5 -0.218117 -0.377405  \n"
     ]
    }
   ],
   "source": [
    "lda = LinearDiscriminantAnalysis().fit(train_data[FEATURES], train_data.Class)\n",
    "# Создание и обучение модели линейного дискриминантного анализа (LDA) на обучающей выборке. \n",
    "# Результаты обучения (модель) присваиваются переменной lda.\n",
    "\n",
    "means = pd.DataFrame(lda.means_, index=lda.classes_, columns=FEATURES)\n",
    "# Извлечение средних значений признаков для каждого класса из обученной модели LDA.\n",
    "# Создание DataFrame means, где строки - классы, столбцы - признаки, и значения - средние значения.\n",
    "\n",
    "print(\"Средние значения\")  # Вывод заголовка для вывода средних значений.\n",
    "print(means)\n",
    "# Вывод на экран средних значений, представленных в виде DataFrame.\n"
   ]
  },
  {
   "cell_type": "code",
   "execution_count": 23,
   "metadata": {},
   "outputs": [
    {
     "name": "stdout",
     "output_type": "stream",
     "text": [
      "Расстояние Махаланобиса (обучающая выборка)\n",
      "             1            2            3            4            5\n",
      "1          0.0  1456.967956    21.317349    18.927217    19.190156\n",
      "2  1456.967956          0.0  1374.939968  1436.444491  1438.018922\n",
      "3    21.317349  1374.939968          0.0    50.503674    20.051212\n",
      "4    18.927217  1436.444491    50.503674          0.0    67.304501\n",
      "5    19.190156  1438.018922    20.051212    67.304501          0.0\n"
     ]
    }
   ],
   "source": [
    "def find_mahl_sqr_dist(centers, samples, covr):\n",
    "    # Функция для вычисления квадрата махаланобисовского расстояния между центральными точками (centers) и образцами (samples).\n",
    "    # Принимает центральные точки (centers), образцы (samples) и матрицу ковариации (covr).\n",
    "\n",
    "    res = pd.DataFrame(index=samples.index, columns=centers.index)\n",
    "    # Создание нового DataFrame с номерами образцов в индексах и номерами центральных точек в столбцах.\n",
    "\n",
    "    for i in centers.index:\n",
    "        # Внешний цикл: итерация по номерам центральных точек.\n",
    "\n",
    "        for j in samples.index:\n",
    "            # Внутренний цикл: итерация по номерам образцов.\n",
    "\n",
    "            res[i][j] = mahalanobis(centers.loc[i], samples.loc[j], np.linalg.inv(covr)) ** 2\n",
    "            # Вычисление квадрата махаланобисовского расстояния между центральной точкой и образцом.\n",
    "            # mahalanobis - функция для вычисления расстояния Махаланобиса.\n",
    "            # np.linalg.inv(covr) - обратная матрица к матрице ковариации.\n",
    "\n",
    "    return res\n",
    "    # Возвращение DataFrame с квадратами махаланобисовских расстояний.\n",
    "\n",
    "cen_dis = find_mahl_sqr_dist(means, means, cov)\n",
    "# Вызов функции средних значений и матрицы ковариации для вычисления расстояний Махаланобиса.\n",
    "\n",
    "print(\"Расстояние Махаланобиса (обучающая выборка)\")\n",
    "print(cen_dis)\n",
    "# Вывод на экран расстояний Махаланобиса для обучающей выборки."
   ]
  },
  {
   "cell_type": "code",
   "execution_count": 33,
   "metadata": {},
   "outputs": [
    {
     "name": "stdout",
     "output_type": "stream",
     "text": [
      "Функции Фишера\n",
      "               1           2          3          4          5\n",
      "Const  -5.110794 -626.303789 -10.235374 -14.888787 -11.517630\n",
      "X1      0.633234   -9.826144   1.393362  -6.769874   6.362652\n",
      "X2     -1.639584    8.539650   3.697875  -4.857890   0.509720\n",
      "X3      1.022950  -26.332837   1.585004  -3.078547   7.882656\n",
      "X4      2.201717   -7.270038  -1.883410  -1.409823   1.445127\n",
      "X5     -2.011239    8.055049   3.633191  -3.294874   0.114792\n",
      "X6    -18.254729  232.793915 -14.894718 -12.544178 -18.782768\n",
      "X7      1.032431   -7.184682  -0.001247  -0.023243   0.522719\n",
      "X8     -2.107289   31.007344  -1.972504  -2.254886  -2.620842\n",
      "X9      3.637884   -9.202921  -5.686363   7.161101  -3.883036\n",
      "Pi:  [0.36666667 0.06666667 0.2        0.16666667 0.2       ]\n"
     ]
    }
   ],
   "source": [
    "def get_def_coef(lda, features):\n",
    "    # Функция для получения дискриминантных коэффициентов.\n",
    "    # Принимает обученную модель LDA (lda) и список признаков (features).\n",
    "\n",
    "    return pd.DataFrame(\n",
    "        np.vstack([lda.intercept_, lda.coef_.T]),\n",
